function err = erro(a)
y=-6670291.865592-(81069.761054*a(1))-(79499.054881*a(2))+(50.020630*a(3))-(53.596945*a(4))-(68.298893*a(5))+(16.614905*a(6));
err=(a(7)-y)*(a(7)-y);
end